time,x,y,z,phi,theta,psi,x_velocity,y_velocity,z_velocity,phi_velocity,theta_velocity,psi_velocity,rotor_speed1,rotor_speed2,rotor_speed3,rotor_speed4
0.06,-3.58700131361e-07,2.31295635973e-08,10.0009895633,3.18440071085e-05,0.000355067145311,0.0,-3.0196127845e-05,2.25609670014e-06,0.0329846996124,0.00157170215025,0.0156997663268,0.0,414.3446971335305,415.72231160832166,415.08522822081613,415.22309616842455
0.12000000000000001,-1.46592117657e-05,1.48733348323e-06,10.0077262008,0.000333861830968,0.00177021899304,0.0,-0.00058071569049,6.93364853289e-05,0.19155570198,0.0111873162875,0.0359420412525,0.0,453.3600655456244,454.98334662407757,455.6612362594412,456.4290668027561
0.18,-9.37606716685e-05,1.5114253584e-05,10.0218760484,0.00117482677557,0.00411917410685,0.0,-0.0022826098527,0.00046126153908,0.280087063264,0.019145647508,0.0448942874166,0.0,433.791304963728,434.543069388582,432.09048154291617,432.7606592856233
0.23999999999999996,-0.00033162711827,7.31291362205e-05,10.0428922463,0.00194316248885,0.00652204369152,0.0,-0.00592382426619,0.00158106808259,0.420409477237,-0.00455566270561,0.0279712190559,0.0,450.14136509340483,448.77081801958377,450.7373033734054,448.81801239514647
0.3,-0.000850228038591,0.000213416307041,10.0743512338,0.00185316326641,0.00807849606691,0.0,-0.0115534443936,0.00307428289644,0.628130639869,0.00400159248626,0.0215356148657,0.0,470.21122273318025,469.71256909896994,469.8264268860235,470.4893510986406
0.36000000000000004,-0.0017412316361,0.00044294680341,10.1181559001,0.00204106605696,0.00896355844655,0.0,-0.0182800073986,0.00460167788443,0.831897362847,0.00133246465566,-0.0044409846314,0.0,470.65555506629755,468.64097819868266,468.68020026044456,468.47267234851637
0.4200000000000001,-0.0030187005696,0.000761023333192,10.1706868251,0.00240323090133,0.00841691389589,0.0,-0.0242632180376,0.00602421947586,0.919067272872,0.0140878301941,-0.0206359284544,0.0,435.5809719603359,434.22478579394334,431.63130235523374,432.70620896767224
0.48000000000000015,-0.00469779858732,0.00119313189725,10.2354491577,0.00376259180515,0.00712955486912,0.0,-0.0315344715048,0.00853233694379,1.23938715845,0.0358459589506,-0.0231485543363,0.0,502.92496970974815,502.7430253645053,502.0672857702085,503.6432159241966
0.5400000000000001,-0.00671926049619,0.00178330997476,10.310977293,0.0057328212973,0.00575362511328,0.0,-0.0357188750491,0.0113323425782,1.27817456929,0.0260155756208,-0.0225029029416,0.0,418.4197873913608,418.47591037037074,419.171533134683,418.31695110687434
0.6000000000000002,-0.00896475892824,0.00257547261217,10.3886115642,0.00751868818065,0.0040748179228,0.0,-0.0389947852874,0.0152273884709,1.30959856923,0.0363678996894,-0.0421485940137,0.0,417.410489430471,415.69233075584026,415.47815546334346,416.3850483852918
0.6600000000000003,-0.011361574769,0.00361459807797,10.4653759038,0.00951827842158,0.00133165542984,0.0,-0.0406939808752,0.0195749719494,1.24928049149,0.026420525114,-0.054035908838,0.0,384.2020595905739,383.0718109370208,385.793573460944,384.85389690807915
0.7200000000000003,-0.0138202264865,0.00501669513261,10.5458806347,0.0109438517097,6.28123826919,0.0,-0.0408875872135,0.0273326178801,1.43399560231,0.0178221737322,-0.0558910482244,0.0,464.2664043436298,464.1189821874613,465.2464811913387,464.57288839923854
0.7800000000000004,-0.0162051902739,0.00695318070461,10.6408573565,0.0121833126083,6.27777903402,0.0,-0.0381656622139,0.0373645473896,1.73149052636,0.0257981293915,-0.061434184299,0.0,497.53237724150836,497.12449162170634,497.5739501582552,498.1573970992515
0.8400000000000004,-0.0183493438915,0.00949422198848,10.7510313598,0.0141737247786,6.27393758466,0.0,-0.032864227307,0.0475452082801,1.94063960445,0.0448857799648,-0.0697821956005,0.0,473.3759092742794,472.7303805985775,472.4640300140991,473.9336222338569
0.9000000000000005,-0.0201005377276,0.0126704114273,10.8718287638,0.0172293467241,6.26964768973,0.0,-0.025051206142,0.0586385673295,2.0856775653,0.0608752412822,-0.0751703352768,0.0,455.6459701437126,455.211223986257,453.1444111583091,454.42940749587206
0.9600000000000005,-0.0213519994782,0.0165021475708,10.9968162197,0.0208383506905,6.26496003665,0.0,-0.0162671296312,0.0693998880557,2.08056822181,0.0586594654942,-0.0848128708287,0.0,407.3419158482696,406.4732076251933,406.50245443893675,406.3067880687889
1.0200000000000005,-0.0219756802854,0.0210622485862,11.1224162854,0.0245278791085,6.2605440761,0.0,-0.00409639121748,0.0829305937276,2.10603762135,0.0666261554067,-0.0574310342599,0.0,415.4708315731996,417.8595831696525,416.99615718021164,417.69443821536123
1.0800000000000005,-0.0217194178141,0.0265834172169,11.2526997937,0.0285280060953,6.25747241144,0.0,0.0129775809263,0.101527643366,2.23647938762,0.0667538602506,-0.0409804101516,0.0,450.33869265579693,451.6655973713211,450.6732152408977,450.6867830518389
1.1400000000000006,-0.0203912481677,0.0332898431721,11.3902160077,0.0329034710849,6.25473285485,0.0,0.0315560835693,0.1224492825,2.34715142836,0.0830472556419,-0.0572079897567,0.0,445.41258748516003,444.0822346069454,445.1137504647729,446.44913240786815
1.2000000000000006,-0.017876271255,0.0413602408435,11.5347715642,0.0377217954763,6.25195539783,0.0,0.05259049455,0.147072409472,2.4710770531,0.0741684382561,-0.0304358025317,0.0,449.30974410601567,451.47350238287777,449.8062484204265,449.0917515668092
1.2600000000000007,-0.0140540119655,0.0509980542648,11.686477667,0.0419418906039,6.2500205387,0.0,0.0750058251052,0.174630447966,2.5855131053,0.0612903986726,-0.0361419434241,0.0,448.7131907335824,448.24935246580094,447.2138641398893,446.16741461233215
1.3200000000000007,-0.00875517447531,0.062488838759,11.8477068712,0.0452437791959,6.24777043247,0.0,0.101865001889,0.208788703879,2.78828948155,0.0379986528537,-0.0403697052396,0.0,474.9866429677044,474.6617422745021,475.8625309574232,474.0779960254144
1.3800000000000008,-0.00189396069008,0.0759701680673,12.0182313073,0.0472519103254,6.24595223407,0.0,0.127045680563,0.240798473542,2.89556862869,0.0223779357868,-0.0153784179422,0.0,446.50670706049965,448.5404798581826,447.15235477013,445.87844529242085
1.4400000000000008,0.00659867763148,0.0915230582304,12.1975621014,0.0486204405875,6.24583687841,0.0,0.156073594365,0.277762231319,3.08162506559,0.0236569193577,0.016513904961,0.0,470.4495540874035,472.91254248594674,471.4127427685085,471.51156527887133
1.5000000000000009,0.0166361407675,0.109073440396,12.3828858195,0.0506105479313,6.24693217326,0.0,0.178412909096,0.30740365283,3.09578305334,0.0474649519368,0.0215272425023,0.0,418.7661183685553,419.20195495160846,417.3329783061339,419.4064353938939
1.560000000000001,0.0279655965073,0.128405102874,12.568309356,0.0544074469677,6.24766379997,0.0,0.199134798392,0.33727907039,3.08501175867,0.0838637078525,-0.0229833054059,0.0,412.1072970710469,408.15387001620286,409.0304036236884,412.26223209447323
1.620000000000001,0.0406013129719,0.149704590561,12.7549598906,0.0592774174306,6.24678130416,0.0,0.222153538023,0.373164090996,3.13649221128,0.0751406835276,-0.00187271075172,0.0,429.90829530673136,431.6934109403115,431.71440991031153,430.98326159185535
1.680000000000001,0.0546647197007,0.173303946277,12.9456139927,0.0636466135795,6.24642463531,0.0,0.24663875131,0.413906231303,3.21837772127,0.0677226254227,-0.0156761287421,0.0,442.5569058903692,441.41935163840145,440.7369469243354,440.1275545964535
1.740000000000001,0.0702639350079,0.199533030951,13.1427159282,0.06740080883,6.24578503151,0.0,0.273402395934,0.460789288344,3.35126128312,0.04950406802,-0.00215212980048,0.0,456.5361940693414,457.6141313924101,458.9529809404863,457.5073002029161
1.8000000000000012,0.0874430971302,0.228585707532,13.3468189088,0.0701883380311,6.24596258645,0.0,0.299219123061,0.507903650395,3.45183785114,0.0395436938417,0.0116053825921,0.0,447.67366668348006,448.79170562085585,449.2842435849867,448.47717226227894
1.8600000000000012,0.106023110625,0.260251159084,13.5531524242,0.0724392848852,6.24652890071,0.0,0.320062302019,0.547805564541,3.42600029234,0.0331167999179,0.00470853738633,0.0,408.79696255031797,408.18179358709034,407.6998037819933,407.1259417725112
1.9200000000000013,0.125929449061,0.294514275703,13.7602306036,0.074308651832,6.24658209723,0.0,0.343457157619,0.594464500899,3.4764258489,0.0269149939223,-0.00813182443556,0.0,433.7204982804902,432.6406766648559,433.5311295521955,433.01005594824
1.9800000000000013,0.14720155411,0.331530944301,13.9692650528,0.0760729865465,6.24596952593,0.0,0.36565804879,0.639565966659,3.49131572332,0.0339710445279,-0.0147274219805,0.0,422.0989147726355,421.52941911609065,421.84502452334465,422.4542243809512
2.0400000000000014,0.169846567268,0.371345700357,14.1799680737,0.0784053846563,6.24543801883,0.0,0.389232749847,0.687780798393,3.53195771077,0.0472141096047,0.000855889037164,0.0,429.83304390584243,431.1518188392348,430.1749525878865,431.29574497661156
2.1000000000000014,0.193836794135,0.413940812316,14.3911092107,0.0813039353034,6.24589152536,0.0,0.410418208106,0.732294334827,3.50612602947,0.0504132927795,0.0183991593422,0.0,408.02378630703646,409.58701555357203,408.61029396592716,408.89706338987867
2.1600000000000015,0.219361083753,0.45985857367,14.6080550605,0.0841892288243,6.24679568422,0.0,0.44024031589,0.798586196412,3.72466249017,0.0429791641097,0.00740205858728,0.0,485.1904708633928,484.36399186258916,486.1335368992538,485.57733680974883
2.2200000000000015,0.246513081508,0.509491126127,14.8342215423,0.0871969481339,6.24746292627,0.0,0.46475488264,0.856080875619,3.81387941814,0.0615495441837,0.0176780076631,0.0,447.9315144044682,448.76633224599937,446.8290878885072,448.34204048478017
2.2800000000000016,0.275109600237,0.5626129055,15.0654633274,0.0910965755406,6.24878691913,0.0,0.488328698979,0.91498810436,3.89385386236,0.0711164763586,0.0296486909429,0.0,446.57390416977745,447.54936249855433,444.1376998307048,444.92479488877376
2.3400000000000016,0.305154280923,0.619518992593,15.3033563996,0.0952559907233,6.25065738184,0.0,0.512940543203,0.982281112333,4.03535580407,0.0654745006941,0.034062848046,0.0,465.7087073426694,466.0541537850906,465.225765636402,464.7871719884313
2.4000000000000017,0.336752293446,0.680908311272,15.5534390672,0.0995985618532,6.25283683729,0.0,0.540021614909,1.06444965499,4.29968688588,0.0834734478958,0.0405007424319,0.0,502.29200470906966,502.75912429226184,501.25926025632776,502.5689310385457
2.4600000000000017,0.369560003444,0.746145761336,15.8075141752,0.104300794341,6.2552912397,0.0,0.5534109656,1.11050176103,4.16991828031,0.065471390236,0.0417062990292,0.0,378.45388011865157,378.5711118593088,379.74740019689426,378.02232507414425
2.520000000000002,0.403241955364,0.814611402933,16.0576423069,0.107967466354,6.25731747419,0.0,0.569110003324,1.17200369077,4.16763510287,0.0505365428123,0.00897573388866,0.0,423.1668756475027,420.340104584339,423.7798365319353,422.4968173478702
2.580000000000002,0.438018087641,0.887593099617,16.314661509,0.111383417469,6.25791155204,0.0,0.589998203883,1.26099925335,4.3987128895,0.067361105069,0.0116910087507,0.0,494.1817177236564,494.38170309443296,493.4934959579655,494.73572592082894
2.640000000000002,0.473950293861,0.965638949026,16.5823320487,0.115178300398,6.25819442682,0.0,0.607666355964,1.34086912524,4.52305525599,0.053402568029,-0.0153185236608,0.0,466.1486764503472,464.0330052497492,465.031151086227,463.93903085499795
2.700000000000002,0.511068945631,1.04913181853,16.8624430856,0.118207088054,6.25703729894,0.0,0.629722160672,1.44246884043,4.81267544273,0.0438809125775,-0.0287140322485,0.0,513.7765078370427,512.8258868715504,514.1209187820156,513.4470107383858
2.760000000000002,0.549337607839,1.13786750947,17.1521464237,0.121353230724,6.25479992203,0.0,0.646066007414,1.51561433682,4.84387976104,0.065606654424,-0.0660511223983,0.0,441.9398894977466,438.8501324950683,438.09546260868865,439.90020157658734
2.820000000000002,0.588604998454,1.2309180931,17.4426354013,0.124903840479,6.25100110857,0.0,0.663183955334,1.58637408847,4.83899630075,0.0414685670067,-0.0583367934616,0.0,427.1784062351603,427.83271659489384,430.4787531290988,428.43349168320236
2.880000000000002,0.628943295585,1.32818382538,17.7321607727,0.127370546386,6.24739003249,0.0,0.681725509645,1.65600558861,4.81187509462,0.0403886412581,-0.0641611769368,0.0,421.00208103523613,420.4949492430405,421.8376393929825,421.7453494927991
2.940000000000002,0.670434008606,1.4295857538,18.0194470353,0.129605225649,6.24364781093,0.0,0.701609812423,1.72423736641,4.76444613027,0.0300712620326,-0.0590113351978,0.0,414.63542513502205,415.08456113160065,414.29491421439104,413.3873692018373
3.000000000000002,0.713202971076,1.53519132968,18.3044964118,0.132040445692,6.23976169143,0.0,0.724331812056,1.79610659408,4.73722157985,0.0560080833498,-0.0799191818522,0.0,421.90806988521746,420.0952250145567,419.7363107346424,421.98246524787737
3.0600000000000023,0.757551587503,1.64558617997,18.5911852236,0.135567559264,6.235130494,0.0,0.754406689581,1.88397580185,4.81857704986,0.0638277276034,-0.0722187033064,0.0,456.14480373964267,456.7548370180326,455.11664773786447,455.74447794122693
3.1200000000000023,0.80386174408,1.7615013551,18.8840649495,0.139799070208,6.23116668482,0.0,0.789671717914,1.9801723838,4.94336123977,0.0813541705147,-0.0559610444978,0.0,470.2378478167717,471.4926502051501,468.93823947063277,470.30130874465124
3.1800000000000024,0.852163990364,1.88273114117,19.1805561033,0.145685355121,6.22728949729,0.0,0.820702158429,2.06125696548,4.93951693488,0.119476186378,-0.093951241378,0.0,432.25805390009486,429.04025343128757,430.4575827673672,433.67998928867854
3.2400000000000024,0.902509067617,2.00919950044,19.478617808,0.153198210004,6.22132450861,0.0,0.85800096543,2.15497207399,4.99536151275,0.134738800169,-0.113531322466,0.0,452.0319036699928,450.44245450969294,450.0805357122207,451.32815240147886
3.3000000000000025,0.955298511259,2.14164201881,19.781340567,0.161550849621,6.21443552158,0.0,0.902313859073,2.26049018434,5.09461737625,0.146910528284,-0.117516596031,0.0,465.6485732120695,465.3255380450709,465.1146402617941,466.0839733016046
3.3600000000000025,1.01095204412,2.2807247037,20.0908319814,0.170937712705,6.20723147262,0.0,0.953511952891,2.37640639087,5.22078186028,0.170761225109,-0.125725472861,0.0,475.8940765238746,475.2532154227564,474.1354621541852,475.9855784429961
3.4200000000000026,1.06978041416,2.42683858491,20.4071415375,0.181276086471,6.19964293903,0.0,1.00816249927,2.49495151159,5.32193672638,0.175225848057,-0.128017954677,0.0,469.31315660036944,469.12150280350517,470.2267411090937,470.5992179391081
3.4800000000000026,1.13151431986,2.57913153318,20.723311076,0.191705590809,6.19175493999,0.0,1.05022719931,2.58225317638,5.21717997594,0.170869628026,-0.139443644675,0.0,404.9464514010896,403.89923511436376,404.664695538687,404.30460493663645
3.5400000000000027,1.19589529785,2.73681602482,21.0332132936,0.201853553896,6.18313696412,0.0,1.09645144863,2.67464177048,5.11299089956,0.165416231712,-0.153691896742,0.0,405.3947244518382,404.0904300813548,404.25196302779636,403.7906810377495
3.6000000000000028,1.26386661004,2.90154261064,21.3434177072,0.211930896238,6.17375649656,0.0,1.17015817292,2.81705712505,5.22604067448,0.172598127206,-0.162241285838,0.0,474.58651577919727,473.90821730772205,476.09406358917624,476.6681962862655
3.660000000000003,1.33604220157,3.07421524104,21.6566560554,0.222279588662,6.1644148213,0.0,1.23649962594,2.93947360203,5.21474577213,0.172237631404,-0.145072502384,0.0,438.55939395053053,439.95991160947625,437.5624798114592,437.5615493539626
3.720000000000003,1.41262430492,3.25488473949,21.9712913194,0.232475656807,6.15585980797,0.0,1.3170046536,3.08362008539,5.27219008457,0.164884528826,-0.138025077138,0.0,460.7144051049094,461.2532017049708,462.5596491332283,462.00654758652485
3.780000000000003,1.49400197331,3.44402160574,22.2877901108,0.242114748898,6.14750769098,0.0,1.39628310451,3.22164281556,5.27713737328,0.150465891553,-0.141663211946,0.0,447.3379126270108,447.02363105452747,446.9330583331427,445.7803658056302
3.840000000000003,1.5801734613,3.64139098723,22.6037191094,0.251042318438,6.13903945746,0.0,1.47679309458,3.35794723916,5.25334782683,0.145221838705,-0.140106652723,0.0,438.11007679453127,438.2206617769518,439.41728225378773,439.0033176190882
3.900000000000003,1.67153690182,3.84743759661,22.9195882196,0.259796605365,6.13070121677,0.0,1.56935402102,3.51083958047,5.2748487662,0.147235267974,-0.136792773365,0.0,453.7794806711462,454.02799570385116,455.24800546923404,455.42847049620946
3.960000000000003,1.76818758088,4.06209646565,23.2340634352,0.269162357337,6.1224465353,0.0,1.65297706817,3.64505267575,5.2073628865,0.169621594361,-0.139194787979,0.0,426.457246377473,426.2335577865688,426.0393899189477,427.97328136266856
4.020000000000002,1.87017624765,4.28524664893,23.5455449698,0.279929622265,6.11397636934,0.0,1.74730652979,3.79397377358,5.17476284885,0.194101711854,-0.145438756978,0.0,439.8670340502276,439.3307043201649,438.0435814785769,440.1059304642055
4.080000000000001,1.97817972057,4.51783374444,23.8561678982,0.292743980037,6.10496217851,0.0,1.85351018153,3.95975344389,5.17839409424,0.237074804292,-0.162143485766,0.0,454.2995287841577,452.9368260157636,450.2636301406863,453.76956174423213
4.14,2.09253653719,4.76028103678,24.1659366947,0.306623455844,6.09522460254,0.0,1.95913452775,4.12275019041,5.14637419947,0.216230812303,-0.162593105716,0.0,443.1506634482894,443.088533550751,444.0953354270337,442.4348715939965
4.199999999999998,2.21333799468,5.0126170481,24.473393462,0.320226806567,6.08571613204,0.0,2.0683070156,4.28928151644,5.10137827982,0.242097277927,-0.151308466301,0.0,441.02396237879884,441.93115883882336,438.89532516918933,441.08809445327313
4.259999999999997,2.34095099021,5.27530711891,24.778542119,0.33495789173,6.07632948212,0.0,2.18613717299,4.46796171253,5.06924199821,0.251594750599,-0.169439051385,0.0,448.1656075729667,446.6658344566983,446.2745832767211,447.1091464148529
4.319999999999996,2.47624217873,5.54963026101,25.0836293712,0.349606088975,6.06621529739,0.0,2.32432906561,4.67703043211,5.09879342405,0.221925593624,-0.166887768803,0.0,470.09083944554453,470.2630382208947,470.70588255617196,468.45887066845347
4.379999999999995,2.62027785625,5.8371296343,25.3914567045,0.362846524426,6.0563785186,0.0,2.47758228405,4.9069488189,5.16034134209,0.218050263452,-0.158638058424,0.0,482.72304815321314,483.3219966169484,484.0286165355779,483.7806774425253
4.439999999999993,2.77381720259,6.13881151384,25.7032917001,0.375846275235,6.04674544655,0.0,2.64104992881,5.14969023145,5.232221705,0.213737266567,-0.164675921407,0.0,491.4711961620044,491.00152763628427,490.00438008318,489.72518504187184
4.499999999999992,2.9361846312,6.45347709634,26.0147905007,0.388451199146,6.03724339663,0.0,2.77184655152,5.33975804814,5.15018939431,0.201547939877,-0.148064762597,0.0,443.17620253351686,444.51578866768824,443.71495533337946,442.756330954438
4.559999999999991,3.10703986259,6.780438418,26.3230751089,0.40136104879,6.02835827858,0.0,2.92387493118,5.55944885509,5.12461644866,0.233728251915,-0.148126358967,0.0,464.49119016313335,464.4668238392196,464.43546926472544,466.9954460010466
4.6199999999999894,3.28657128939,7.11985846257,26.6276025165,0.415291407138,6.01963551276,0.0,3.06104468637,5.75517296569,5.02536617511,0.228871229247,-0.140390486116,0.0,442.5491390261796,443.16573569480954,442.67150257275387,442.32543632453854
4.679999999999988,3.47506578804,7.47208248744,26.9281022323,0.428710561376,6.01189165779,0.0,3.22251850339,5.98611104592,4.9898284836,0.210393232104,-0.112782983533,0.0,466.6060117623306,468.74203105543137,467.5078505166849,466.1121207763912
4.739999999999987,3.67327064062,7.83817659383,27.2260154722,0.441746364576,6.00503992583,0.0,3.3846013166,6.21742184979,4.93926640271,0.22830745792,-0.117178967523,0.0,465.40909221519456,465.05379945567296,464.7613824826432,466.20764433524926
4.799999999999986,3.88148243691,8.21856587385,27.521319568,0.455003041258,5.99789219082,0.0,3.55605810849,6.46258420551,4.90261308607,0.199189304319,-0.123341300911,0.0,472.5014097084724,472.01407196003083,475.6274254577484,473.43555919911955
4.859999999999984,4.09846541587,8.61137103339,27.8093252242,0.467416444137,5.99038417336,0.0,3.67716258605,6.63140608225,4.69736087899,0.218998442601,-0.128979301826,0.0,415.27200729998594,414.7614896463129,414.2009710767343,415.9849092261702
4.919999999999983,4.32414437437,9.01640395514,28.0889018779,0.480518841294,5.98277727218,0.0,3.84576960622,6.86994835327,4.62046687336,0.217095134667,-0.122717526474,0.0,463.7452988488633,464.2231193772804,464.07051992977523,463.9660126150066
4.979999999999982,4.55887777513,9.4341282767,28.3604000865,0.493209738559,5.97543129748,0.0,3.97906418096,7.0546023824,4.4289981433,0.197020113562,-0.121870230593,0.0,424.5817489149128,424.64013269405143,425.1804846467297,423.50248355375635
5.0399999999999805,4.80160739,9.86288902381,28.6200994062,0.50528434726,5.96817629702,0.0,4.1123036846,7.23775060186,4.22725922207,0.208566173635,-0.119076446666,0.0,421.69216198429405,421.919460070311,420.90908391736525,421.94941264504155
