episode,rewards_total
1,1.17624533887
2,0.799064784382
3,4.46154563078
4,-9.52725809281
5,-6.77265476451
6,7.13882176885
7,-0.77132223901
8,30.5231072769
9,-0.919558627498
10,-17.5510404532
11,11.5139855167
12,-2.42668829753
13,3.2141661649
14,12.2555104607
15,-13.5937985154
16,0.0232004902534
17,1.48049303947
18,7.11509543959
19,12.9941457862
20,16.5228853417
21,19.5183899878
22,25.8060071665
23,17.6601596802
24,9.01438345594
25,7.49738556259
26,0.983372165596
27,6.73783784967
28,19.3640009461
29,13.2635522002
30,8.44828657938
31,2.03043568446
32,14.3577483929
33,12.1113861475
34,8.99543389076
35,11.7295343337
36,13.6318716087
37,13.1790930085
38,12.591591128
39,10.6436690052
40,11.4319043885
41,12.1281016569
42,15.0757537194
43,15.8392179685
44,16.0707825086
45,16.8584231673
46,1.28883106986
47,-21.9129038508
48,-1.93057099963
49,-7.47883040629
50,-4.02376623549
51,-4.02637388493
52,-23.4047212909
53,-5.65245368846
54,0.170201463119
55,6.69600245974
56,0.628862014895
57,14.0879030484
58,13.90720188
59,13.115508679
60,-14.7157900369
61,-20.0229035384
62,-6.66664620493
63,-9.75333183725
64,-24.5403844713
65,-28.8537903373
66,-1.18708995457
67,16.7426526765
68,18.7733183777
69,17.2020308123
70,17.1250463919
71,13.7550805112
72,17.521754371
73,18.64392528
74,14.3831331352
75,29.1010794932
76,20.4204141428
77,17.5761954773
78,16.5940395659
79,16.5000366261
80,-171.205130525
81,-112.993615358
82,-171.455362214
83,-171.734623581
84,-171.709069827
85,-172.322742004
86,-171.561417502
87,-171.167134297
88,-171.825633391
89,-171.194722095
90,-171.341810821
91,-171.366943826
92,-171.874680908
93,-171.487179174
94,-171.924687568
95,13.2188935975
96,13.5052159075
97,13.2194078571
98,13.3919751273
99,13.57298019
100,13.3208053983
101,13.3939390125
102,13.0724885141
103,13.3222624864
104,13.4512900587
105,13.1902755469
106,13.4439075323
107,13.1703601089
108,13.5506111689
109,13.2894900056
110,13.5336359882
111,13.8287678007
112,13.0378125372
113,12.6917592755
114,12.9257433189
115,13.1122562697
116,12.906295804
117,12.9280885803
118,13.1964014336
119,12.9428960281
120,13.1614393379
121,12.7563903184
122,12.9930923572
123,12.9007634887
124,13.2581802717
125,13.1037818074
126,13.1377631094
127,13.4525670925
128,13.3921871966
129,13.28171009
130,13.2523299762
131,13.043020585
132,12.8346241524
133,13.3514246509
134,12.7415654905
135,12.737983062
136,13.3393528006
137,12.9617618224
138,12.7812207984
139,13.2751916133
140,13.0363043593
141,13.3878905772
142,12.1827978456
143,13.2743897783
144,13.2650439494
145,12.8769220306
146,13.1879594121
147,13.053538313
148,13.2311405142
149,13.6818721757
150,13.1300071984
151,13.2657664283
152,13.7479776137
153,13.9931976881
154,13.5907931672
155,13.0032216932
156,12.3829163693
157,13.1934149643
158,12.8773306741
159,13.240417157
160,13.6453108612
161,12.9034172661
162,13.2890272383
163,13.2202441282
164,13.6344773152
165,13.220431214
166,13.1303378593
167,12.8098013061
168,13.2547619014
169,13.4573052265
170,13.2488679483
171,13.426724809
172,12.9825316408
173,12.6305963051
174,12.9848064627
175,12.8187716886
176,13.0175165855
177,13.3150200654
178,13.733936202
179,13.0517726184
180,13.1407409642
181,13.4876619932
182,13.8267503216
183,12.8547255212
184,12.8796544617
185,12.9716634267
186,12.8506439118
187,12.9127705929
188,13.3697876629
189,13.2122770671
190,13.4749879018
191,13.429016537
192,12.9845521131
193,12.4275530602
194,13.5177390597
195,13.3174873242
196,13.1288042997
197,13.998144457
198,13.6618098564
199,13.2251006962
200,12.8699143568
201,13.633465101
202,12.8009027559
203,13.8339756966
204,13.1572082675
205,13.1161526472
206,13.2388741081
207,13.2852955284
208,13.1991462057
209,12.5078329473
210,13.3428394548
211,13.4114668045
212,12.8531410582
213,13.6553828216
214,13.4542972391
215,13.2188913245
216,13.5797749419
217,13.3858293459
218,13.2487397432
219,12.9436317523
220,12.6966663227
221,13.3514795236
222,13.3692944843
223,13.2049478483
224,13.1193849114
225,13.3625952369
226,13.7243095591
227,13.1425667682
228,12.9519413797
229,13.5554229976
230,13.3034030727
231,13.0416838829
232,12.896988654
233,13.0172465502
234,13.3859308554
235,13.3886104337
236,13.3900275522
237,12.9796230068
238,13.0710467024
239,13.0648018018
240,12.8706974881
241,13.3084656799
242,13.5886953128
243,12.9999729704
244,13.0684895292
245,12.5364141764
246,13.2896245243
247,13.2341553613
248,13.4587964187
249,13.3934018215
250,12.877703223
251,12.5158791341
252,12.9702990867
253,13.2756184152
254,13.6984034542
255,13.4374908727
256,13.0483816131
257,13.5362267906
258,13.3859616235
259,12.9373338741
260,12.6037843679
261,12.9132354345
262,13.4094255188
263,13.272685072
264,13.3433487767
265,13.5519420714
266,13.5776049634
267,13.3689553477
268,12.9582486056
269,12.8819604837
270,13.0052641148
271,12.8560775294
272,13.3931895442
273,13.1671336663
274,13.4493901894
275,12.9076401575
276,13.3205964235
277,13.145522364
278,13.1808486384
279,13.4706937544
280,13.2694163422
281,13.0803229515
282,13.0624407975
283,13.6477158413
284,13.2998445277
285,13.6658232923
286,13.5252658918
287,13.3511270506
288,13.4108437954
289,13.2867890863
290,12.8883259166
291,13.5171130554
292,13.3642944687
293,12.8996409203
294,13.053780264
295,13.3023021039
296,13.3071405777
297,13.5999928227
298,13.0329190688
299,12.8036534906
300,13.0321536852
301,13.5616157144
302,13.7171507354
303,13.1944378706
304,13.3168622748
305,12.9699991416
306,13.2518257768
307,13.1112447525
308,13.4868232284
309,13.3121199035
310,13.212292914
311,13.4096169079
312,13.4177063395
313,13.4186153318
314,13.3275094645
315,13.0412501347
316,13.2492889358
317,12.9618947716
318,13.4237459259
319,13.1750938144
320,13.4950048157
321,12.9778974193
322,13.3060579099
323,13.4134404116
324,13.2591926289
325,13.2826926181
326,12.842498289
327,13.3485980193
328,19.9892894607
329,19.8341942113
330,22.4828010762
331,23.8056164654
332,23.8056329632
333,23.8056339102
334,23.8056515991
335,23.8056541178
336,23.8056439345
337,23.8056509432
338,23.8056497408
339,23.8056522748
340,23.8056533408
341,23.8056542101
342,23.8056409359
343,23.8056458405
344,23.8056469832
345,23.8056433482
346,23.8056416884
347,23.8056473819
348,23.8056504775
349,23.805645733
350,23.8056356459
351,23.8056233006
352,23.8056558702
353,23.8056162903
354,23.8056194558
355,23.8055653692
356,23.8056601638
357,23.8056373348
358,23.8056414224
359,23.8056348878
360,23.805645436
361,23.8056528629
362,23.8056518707
363,23.8056449063
364,23.8056581441
365,23.8056437326
366,23.8056471405
367,23.8056598234
368,23.8056276481
369,23.8056546852
370,23.8056338168
371,23.8056204697
372,23.8056240973
373,23.8056422163
374,23.8056368284
375,23.8056425111
376,23.805638167
377,23.8056482998
378,23.8056478255
379,23.8056104291
380,23.8056552291
381,23.8056304877
382,23.8056448451
383,23.8056049072
384,23.805650359
385,23.8056514318
386,23.8056528177
387,23.8056196291
388,23.8056095979
389,23.8056423783
390,23.805654151
391,23.8056023732
392,23.8056217143
393,23.8056275523
394,23.8056403676
395,23.8056538755
396,23.8056476745
397,23.8056541184
398,23.8056516336
399,23.8056282573
400,23.8056491541
401,23.8056542687
402,23.8056463023
403,23.8056168574
404,23.8056437619
405,23.8056055544
406,23.8056261936
407,23.805648476
408,23.8056346697
409,23.8056459189
410,23.8056463472
411,23.8056331599
412,23.8056344641
413,23.8056482813
414,23.8056451812
415,23.8056462434
416,23.8056305755
417,23.8056333014
418,23.8056534069
419,23.8056374787
420,23.8055893414
421,23.8056453902
422,23.8056531974
423,23.8056171909
424,23.8056490972
425,23.8056466162
426,23.8056282933
427,23.8056544409
428,23.8056657928
429,23.8056353257
430,23.8056012595
431,23.8056602307
432,23.8056265311
433,23.8056380513
434,23.8056419884
435,23.8056583031
436,23.8056327231
437,23.8056459384
438,23.8056098186
439,23.8056500545
440,23.8056577486
441,23.8056385099
442,23.8056322979
443,23.805636958
444,23.8056493407
445,23.80564927
446,23.8056520336
447,23.8056504876
448,23.8056476613
449,23.8056317503
450,23.8056257104
451,23.8056416918
452,23.8056383089
453,23.8056136133
454,23.8056491323
455,23.8056108111
456,23.8056470127
457,23.8056426131
458,23.8056320008
459,23.8056198604
460,23.8056364498
461,23.8056491029
462,23.8056352741
463,23.8056521165
464,23.8056222688
465,23.8056524734
466,23.8056702183
467,23.8056465471
468,23.8056545269
469,23.8056268683
470,23.805657833
471,23.8056445272
472,23.8056249473
473,23.8056499497
474,23.8056340892
475,23.8056469652
476,23.8056496696
477,23.8056276745
478,23.8056490903
479,23.8056518744
480,23.8056415064
481,23.8056419632
482,23.8056526401
483,23.8056457895
484,23.8056442649
485,23.8056229393
486,23.8056493961
487,23.8055949712
488,23.8056476004
489,23.8056276294
490,23.8056871246
491,23.8056473565
492,23.8056409608
493,23.8056542073
494,23.8056456887
495,23.8056474078
496,23.8055786448
497,23.8056564251
498,23.8056482326
499,23.805653091
500,23.8056345218
501,23.805644943
502,23.8056135052
503,23.805638813
504,23.8056428879
505,23.8056476644
506,23.805648491
507,23.8056425875
508,23.8056392851
509,23.8056331271
510,23.8056397251
511,23.8056303682
512,23.8056431316
513,23.805648069
514,23.8056522602
515,23.8056463895
516,23.8056482605
517,23.8056259295
518,23.8056424231
519,23.8056037281
520,23.8056308419
521,23.8056432995
522,23.8056490505
523,23.8056479056
524,23.8056512828
525,23.8056524731
526,23.8056482015
527,23.8056412496
528,23.8056452134
529,23.8056452187
530,23.8056473847
531,23.8056319378
532,23.8056247333
533,23.8056394491
534,23.805617052
535,23.8056457564
536,23.805651257
537,23.8056385011
538,23.8056576984
539,23.8056359428
540,23.8056462072
541,23.8056518603
542,23.8056315823
543,23.8055957031
544,23.805634541
545,23.8056458001
546,23.8056423367
547,23.8056391958
548,23.8056477507
549,23.8056482394
550,23.8056566334
551,23.8056146669
552,23.8056270256
553,23.8056030652
554,23.8056247652
555,23.805652479
556,23.8056423109
557,23.8056477779
558,23.8056476755
559,23.8056285458
560,23.8056442325
561,23.8056380789
562,23.8056470074
563,23.8056397941
564,23.8056398639
565,23.8056545967
566,23.8056095616
567,23.8055449858
568,23.8056172157
569,23.8056472976
570,23.8056312176
571,23.8056475209
572,23.8056387095
573,23.805649625
574,23.8056467674
575,23.8056479982
576,23.8056374104
577,23.8056370601
578,23.8056199707
579,23.8056590907
580,23.8056446733
581,23.8056051024
582,23.8056470605
583,23.805637943
584,23.8056446632
585,23.8056387683
586,23.8056070177
587,23.8056344704
588,23.8056486465
589,23.8056430157
590,23.8056101532
591,23.8056211154
592,23.8056638474
593,23.8056424685
594,23.8056452758
595,23.8056332366
596,23.8056495654
597,23.8056338436
598,23.8056443244
599,23.8056355456
600,23.805639557
601,23.805654005
602,23.8056448235
603,23.8056413604
604,23.8056513591
605,23.805630112
606,23.8056389861
607,23.8056410302
608,23.8056346666
609,23.8056363342
610,23.8056404452
611,23.8056407711
612,23.8056453294
613,23.805642096
614,23.8056516139
615,23.8056523596
616,23.8056412864
617,23.8055890764
618,23.8056486707
619,23.8056468863
620,23.8056490959
621,23.8056113308
622,23.8056355571
623,23.8056434838
624,23.805607753
625,23.8056519079
626,23.8056542213
627,23.8056476828
628,23.8056468172
629,23.8056461295
630,23.8056347528
631,23.8056250239
632,23.8056386975
633,23.8056292272
634,23.8056120731
635,23.8056263673
636,23.80564176
637,23.8056466527
638,23.8056494611
639,23.8056308094
640,23.8056408384
641,23.8056352777
642,23.8056568174
643,23.8056489965
644,23.80565791
645,23.8056476362
646,23.8056359253
647,23.805638068
648,23.8056371008
649,23.8056307964
650,23.8056541433
651,23.8056212975
652,23.805617018
653,23.8056488766
654,23.8056435438
655,23.8056322037
656,23.8056392499
657,23.805642768
658,23.8056454093
659,23.8056451627
660,23.8056387995
661,23.8056261205
662,23.8056522466
663,23.8056671555
664,23.8056194896
665,23.8056351359
666,23.8056146322
667,23.8056449732
668,23.8056498097
669,23.8056449808
670,23.8056295038
671,23.8056590876
672,23.8056323053
673,23.8056243172
674,23.8056433866
675,23.8056521889
676,23.8056511788
677,23.8056046783
678,23.8056234984
679,23.8056367519
680,23.8056521114
681,23.805625748
682,23.8056419374
683,23.8056561118
684,23.8056396877
685,23.8056484979
686,23.8056206044
687,23.8056345664
688,23.8056466575
689,23.805641138
690,23.8056072456
691,23.8056162217
692,23.8056282591
693,23.8056548647
694,23.805622168
695,23.8056376344
696,23.8056356461
697,23.8056376555
698,23.805641794
699,23.8056442181
700,23.8056553945
701,23.8056384637
702,23.8056527539
703,23.8056361844
704,23.8056563747
705,23.8056165239
706,23.8056521429
707,23.8056106145
708,23.8056488479
709,23.805636512
710,23.8056332655
711,23.8056469563
712,23.8056303855
713,23.805639747
714,23.8056453663
715,23.8056398577
716,23.8056090373
717,23.8056466209
718,23.8056442835
719,23.8056402559
720,23.8056483111
721,23.8056636032
722,23.8056477389
723,23.8056509778
724,23.8056555352
725,23.8056546749
726,23.8056491384
727,23.8056424525
728,23.8056223753
729,23.8056451612
730,23.8056484948
731,23.8056409415
732,23.8056524529
733,23.805636991
734,23.8056562702
735,23.8055974254
736,23.805662305
737,23.8056550406
738,23.8056211453
739,23.805591702
740,23.8056393579
741,23.8056266958
742,23.8056114697
743,23.8056417265
744,23.805642132
745,23.8056584983
746,23.8056435957
747,23.8056499064
748,23.8056365668
749,23.8056468099
750,23.8056505865
751,23.8056384906
752,23.8056453931
753,23.8056393126
754,23.8056544377
755,23.8056306076
756,23.8056402746
757,23.8056497297
758,23.8056031313
759,23.8056345853
760,23.8056546496
761,23.805647406
762,23.8056417636
763,23.8056468005
764,23.8056506362
765,23.8056678048
766,23.8056285863
767,23.8056249303
768,23.8056347788
769,23.8056243036
770,15.3791041952
771,13.4323173256
772,12.9691798767
773,13.7270481299
774,11.8956033645
775,23.8056544972
776,23.8056342539
777,23.8056497282
778,23.8056451741
779,23.8056545974
780,23.8056417898
781,23.8056337944
782,23.8056422761
783,23.8056477001
784,23.805634212
785,23.8056416675
786,23.8056145739
787,23.8056240514
788,23.8056491354
789,23.8056479139
790,23.8056310249
791,23.8056380908
792,23.8056498528
793,23.8056476818
794,23.8056165986
795,23.8056333141
796,23.805654687
797,23.8055850117
798,23.8056477301
799,23.8056462735
800,23.8056116933
801,23.8056438444
802,23.8056442779
803,23.8056373249
804,23.8056540359
805,23.8056513219
806,23.8056526954
807,23.8056651036
808,23.8056312604
809,23.8056250041
810,23.805631244
811,23.8056302142
812,20.8376926565
813,20.723438297
814,20.7991106948
815,20.7746226149
816,20.6859885588
817,-171.965205247
818,-171.863358997
819,-171.696458759
820,-172.617537332
821,-171.189731804
822,-171.768405326
823,-171.658541405
824,-171.479396535
825,-171.269814968
826,-171.219213426
827,-171.555637032
828,-172.770135497
829,-171.654851622
830,-171.706095613
831,-171.59283076
832,-171.534094899
833,-171.361259409
834,-171.814823146
835,-171.077254712
836,-172.279039448
837,-171.829953423
838,-171.617361718
839,-171.978949618
840,-172.104977921
841,-171.528584253
842,-171.433144247
843,-171.610822335
844,-171.319298445
845,-171.376675266
846,-171.442108802
847,-171.971134348
848,-171.704847559
849,-171.783658779
850,-171.214933964
851,-171.708372588
852,-172.378325051
853,-171.230685785
854,-171.801637097
855,-172.079688218
856,-171.715826087
857,-171.337068564
858,-171.1646332
859,-171.373758608
860,-171.652488727
861,-171.974951726
862,-171.156845012
863,-171.816737405
864,-171.362972128
865,-171.532610273
866,-171.214033428
867,-171.474864839
868,-171.549238531
869,-171.212920918
870,-171.511626323
871,-171.647736678
872,-171.989292179
873,-172.234134132
874,-171.943309309
875,-172.42831088
876,-171.57555439
877,-171.112483022
878,-171.651784443
879,-171.536119013
880,-171.566892305
881,-171.287569683
882,-171.622354787
883,-171.065733828
884,-172.100976317
885,-171.997463571
886,-171.339636844
887,-171.748361949
888,-172.220277996
889,-171.367401307
890,-171.133554878
891,-172.140739578
892,-171.509516433
893,-171.368501756
894,-171.674412147
895,-173.037405907
896,-171.651941553
897,-172.148511808
898,-171.543724257
899,-171.852652114
900,-171.464733524
901,-171.652557688
902,-171.829715553
903,-171.63720041
904,-171.390669659
905,-171.201074901
906,-171.419493214
907,-171.389738493
908,-171.063956132
909,-171.292184981
910,-171.129078738
911,-171.34784391
912,-171.644886293
913,-171.093792222
914,-171.043051463
915,-171.271012695
916,-171.145307522
917,-171.169351983
918,-172.359497855
919,-171.664778577
920,-171.199458839
921,-171.458273405
922,-171.398330005
923,-171.169440147
924,-171.705304019
925,-171.168642729
926,-171.269251187
927,-171.208723828
928,-171.730783281
929,-171.429426129
930,-172.376648055
931,-172.054964986
932,-171.256579779
933,-171.324433941
934,-171.137904273
935,-171.337045355
936,-171.166128323
937,-171.584952665
938,-171.212699762
939,-171.49615422
940,-171.421206515
941,-171.379970054
942,-171.871100589
943,-172.017564683
944,-172.43334026
945,-171.348570389
946,-171.375304078
947,-171.292794726
948,-171.122847273
949,-171.794786464
950,-171.600809238
951,-171.872819066
952,-171.137935453
953,-171.546449939
954,-171.281477697
955,-171.170989427
956,-171.550259203
957,-171.085012313
958,-171.696496228
959,-172.343462389
960,-171.411462692
961,-171.659149275
962,-171.763149725
963,-171.347956015
964,-171.526156007
965,-172.221345579
966,-171.236928065
967,-171.220354354
968,-171.101777661
969,-171.452455491
970,-171.111140508
971,-171.137421917
972,-172.205392992
973,-171.564750677
974,-171.49580891
975,-171.415749675
976,-171.319950595
977,-171.775103926
978,-171.840127454
979,-171.55468594
980,-171.171980116
981,-171.633837634
982,-172.739600437
983,-171.021435427
984,-171.477349748
985,-171.080892191
986,-171.699351955
987,-171.598978314
988,-171.223016282
989,-171.585745449
990,-172.032059276
991,-171.195431839
992,-171.471555889
993,-171.333921408
994,-172.524769151
995,-171.470026307
996,-171.17625927
997,-171.486529155
998,-171.472977687
999,-171.549247054
1000,-171.323129769
